1 2251 7153 5 6 2012 6060 
2 12335 7736 4 2 8055 4545 
3 14907 8597 2156 2154 4840 1721 
4 14390 7977 6920 5352 1576 1453 
5 10860 5463 7515 2317 1167 1354 
6 12082 8167 4222 1905 1247 1441 
7 14350 7663 2394 489 955 994 
8 14192 8005 3451 2962 319 785 
9 13323 7494 6200 3458 202 799 
10 12015 5837 4776 1318 1558 2075 
11 10657 6222 2288 970 4142 3467 
12 10078 6082 2803 1833 5455 4214 
13 8702 5802 2927 1094 5731 4699 
14 10056 5422 2694 1600 7176 3645 
15 9299 4645 2519 919 6399 3522 
16 8108 5261 2815 1896 5089 3365 
17 10321 6718 3342 1446 3267 1560 
18 10202 5090 5405 3959 1085 1131 
19 7048 4896 6170 3209 878 1687 
20 5865 4481 4484 2865 1262 1497 
21 8384 6177 5736 3499 1190 1339 
22 9854 5723 5636 2575 2879 3148 
23 10378 6897 6049 3474 4329 3423 
24 13109 7922 5750 2760 3605 1408 
25 11198 5246 5808 3048 507 1069 
26 10628 7446 5348 2670 1878 2003 
27 12945 7683 6201 4403 2337 1506 
28 14252 7835 8145 3964 3375 2913 
29 11204 4501 3974 10 4651 2870 
30 10686 7787 2200 2190 3350 2072 
31 13826 9309 5555 5705 3195 2053 
32 14401 6732 7597 2490 2068 1057 
33 11315 6393 5861 3439 353 1038 
34 9804 5377 3439 0 583 1257 
35 10195 6502 3933 3933 711 1138 
36 8871 5185 3941 950 347 1003 
37 10414 7491 4847 3897 511 1086 
38 10978 7511 4824 3181 1381 1949 
39 13580 8183 8115 5512 1768 1355 
40 11717 6732 8241 4353 761 834 
41 12867 7471 4353 0 1873 2375 
42 12881 8208 0 0 6502 5675 
43 14543 9365 0 0 8060 4813 
44 14731 6452 0 0 7227 3498 
45 12074 7050 18 18 7231 5161 
46 13443 9997 3797 3779 5508 3951 
47 16034 7925 9863 6532 3810 1299 
48 15450 9433 14514 8354 771 1008 
49 16109 9624 11169 4151 2843 3447 
50 15481 7923 7166 3781 5809 3646 
51 12619 8710 8426 5715 3697 2995 
52 12577 5551 6304 1073 4435 2640 
53 11304 6609 1643 570 5142 3358 
54 12995 7216 1437 867 7548 5020 
55 12714 6298 867 0 7732 3512 
56 10596 5116 0 0 6404 3656 
57 12023 8275 1461 1461 9102 6814 
58 13947 7566 2772 1311 8682 3762 
59 12402 7664 1735 672 4710 1888 
60 11655 4813 2635 1963 2375 1309 
61 13776 9829 5844 3881 1313 870 
62 15687 6412 6621 2764 1632 1292 
63 11635 6253 2764 0 3302 2220 
64 12006 7799 312 312 6890 5132 
65 14945 9354 831 785 11213 6763 
66 14122 7152 1651 866 9310 4931 
67 11292 4974 1989 1123 7948 3851 
68 10280 6860 2539 1416 7741 5444 
69 13030 6990 2089 673 10941 6317 
70 11572 6900 2118 2109 9093 4430 
71 9240 6880 4349 2416 4349 3929 
72 14108 8046 4637 2221 8936 5825 
73 12761 6369 2231 10 8587 4416 
74 11816 6345 2521 2511 7334 3816 
75 12074 6711 4277 1766 6686 3852 
76 12463 6684 3503 1737 7043 4123 
77 10339 4273 3188 1451 5143 1638 
78 8076 5893 2371 920 2404 1942 
79 8819 6590 3480 2560 1486 1430 
80 11219 5821 4011 1451 4040 3802 
81 12728 7627 3384 1933 8776 5694 
82 12775 6086 3386 1453 9389 4633 
83 11400 6354 2447 994 6818 3225 
84 11104 5930 3199 2273 4463 2350 
85 14838 10624 9051 6798 2956 1662 
86 18044 8230 13040 6242 2840 1988 
87 13958 7478 9441 3199 1549 1311 
88 12526 6808 3199 0 2199 2580 
89 10735 5257 0 0 3317 2067 
90 8177 4730 25 25 4596 4007 
91 9441 5895 1215 1190 6646 3823 
92 10068 5503 1860 670 6979 4486 
93 9934 7697 2274 1604 7313 6093 
94 12339 6824 2926 1322 9367 5456 
95 11959 5619 3199 1959 8714 3660 
96 11320 6325 3780 1821 7244 4208 
97 9760 4443 2270 449 6453 3253 
98 6787 2938 449 0 4553 1894 
99 5981 4567 0 0 3651 3281 
100 7813 4288 0 0 5189 2950 
101 7791 5027 0 0 4142 2716 
102 8702 5021 0 0 4689 3319 
103 8914 4903 0 0 6270 3961 
104 10945 7048 0 0 7859 4904 
105 12734 7470 0 0 8149 4369 
106 13150 7364 0 0 6625 3234 
107 14827 8989 4508 4508 3928 2058 
108 15253 7938 9457 5683 3373 2255 
109 11844 7974 6880 4313 2640 1337 
110 14909 8639 9066 4895 1901 1988 
111 15041 7766 6857 1962 2472 1848 
112 17338 10928 3521 1581 8885 8295 
113 16868 7274 1581 0 11566 4605 
114 12447 7109 0 0 8749 6080 
115 11196 5631 0 0 8409 3873 
116 9659 5100 0 0 7398 4597 
117 7932 5182 0 0 4638 1543 
118 8100 7054 897 897 1727 2066 
119 8253 4543 2037 1140 1062 1594 
120 6972 5099 2166 1696 1434 1822 
121 9544 6567 6012 4382 1951 2185 
122 12259 8106 6593 2837 3686 3289 
123 13162 7078 4238 1649 2784 1263 
124 12184 6562 1899 250 1503 1696 
125 11841 6567 250 0 3965 3511 
126 10017 6720 0 0 6099 5460 
127 11786 7988 0 0 8897 4929 
128 14257 8439 0 0 8637 5564 
129 12486 5603 0 0 9473 5465 
130 8107 6898 0 0 7969 6898 
131 11366 8218 0 0 9679 6531 
132 12897 5893 0 0 10345 5028 
133 10831 5864 0 0 7649 3547 
134 9377 4969 0 0 5519 3274 
135 9644 6261 1208 1208 6044 4356 
136 12136 6557 1208 0 7524 3850 
137 12367 7404 587 587 5602 2538 
138 14019 7591 587 0 7038 5476 
139 10051 5426 0 0 6659 4097 
140 8669 4031 0 0 6858 3549 
141 10229 6888 0 0 8116 5257 
142 9319 4059 0 0 7688 4059 
143 9206 5823 0 0 9206 5823 
144 10269 5284 0 0 8264 3279 
145 6809 3445 0 0 4294 2935 
146 5329 3314 0 0 3650 2111 
147 4780 3416 0 0 2620 2459 
148 7804 5284 1615 1615 5232 3669 
149 8960 6192 3120 1505 5834 4681 
150 11372 6160 2526 1021 7873 4172 
151 10593 6135 2952 2561 5707 2607 
152 8209 3332 3601 1040 2354 1005 
153 7097 5755 2195 1155 1398 2163 
154 10401 6988 2907 1752 2590 2477 
155 11560 9374 4384 3724 1767 1240 
156 18633 10657 12520 8826 1599 1727 
157 14814 8861 9791 3323 1029 1648 
158 16611 9550 8178 4925 2781 2293 
159 14503 8111 7148 4259 3482 2311 
160 14099 7244 6943 2790 5615 4454 
161 10105 7007 4796 3076 5229 3851 
162 11138 6757 5864 2834 4914 3643 
163 10604 5555 2834 0 5106 3171 
164 10181 6340 0 0 5853 4396 
165 12524 7918 0 0 6472 3798 
166 15291 8751 1082 1082 5432 3012 
167 11226 6575 3727 2645 3737 2403 
168 10585 5688 4058 1987 3827 2528 
169 10563 7503 4606 2619 2163 2263 
170 11329 8322 4513 3126 1665 1404 
171 14043 9189 5713 3945 2289 2995 
172 14748 7569 8552 4655 2178 1145 
173 14994 9649 12814 8547 352 1043 
174 16985 10946 13159 6444 362 1097 
175 18153 8513 7676 1232 2407 2616 
176 17581 10462 2004 908 7808 6450 
177 16631 9183 2185 1277 8670 5234 
178 13817 8532 2255 978 7860 6524 
179 11825 7973 978 0 7901 6057 
180 11709 5020 0 0 8555 3782 
181 11098 7436 0 0 6462 4038 
182 12008 5712 0 0 4964 2066 
183 9807 6729 0 0 1936 1730 
184 14935 9782 2620 2620 6925 6771 
185 14101 7985 5356 3848 8354 4137 
186 13399 7538 8454 4632 4945 2906 
187 13031 8381 7196 2564 3254 3236 
188 13939 8958 2920 2288 5799 4031 
189 14816 8260 3071 783 6575 4946 
190 11554 5034 1383 600 5472 2266 
191 11071 7553 3268 2668 5422 4672 
192 12977 6616 5810 3422 6388 2628 
193 14169 8525 4854 1432 5017 3361 
194 12241 4924 1432 0 5059 2906 
195 7919 5455 0 0 3770 3324 
196 5897 4576 0 0 3005 3815 
197 7717 5717 1885 1885 5071 3832 
198 10337 6188 2819 934 7493 5229 
199 11236 6574 1622 702 8705 4946 
200 12949 8635 2495 1793 9528 6842 
201 15891 7448 2712 919 11502 4852 
202 12166 4932 2249 1330 6530 1892 
203 10211 5813 4286 2956 2095 425 
204 13919 8544 8671 5715 408 421 
205 15748 9946 12220 8547 281 536 
206 16626 10188 13273 7318 129 471 
207 14981 7487 9947 4789 257 320 
208 16558 9469 7814 3025 142 220 
209 14091 6400 6504 4915 1363 1485 
210 11675 7327 6386 3189 1931 780 
211 13884 8351 7517 4694 1654 1296 
212 13266 5927 8196 4074 2507 1651 
213 13772 8961 8368 5066 1998 691 
214 13461 8292 4359 2581 822 635 
215 15281 8219 7342 4841 2090 1773 
216 16400 8181 9692 4851 5103 3330 
217 14968 6823 6242 1427 3873 543 
218 15536 9535 7399 6276 1912 1807 
219 18107 9676 11073 5621 3136 1539 
220 17587 8315 10849 5632 3046 1507 
221 16788 9133 11382 5964 4198 3137 
222 16363 7986 11653 5689 4678 2297 
223 14295 7315 6234 545 3163 1872 
224 11752 5437 545 0 3537 2449 
225 10171 6878 84 84 5423 4090 
226 11311 5745 1029 945 6209 3431 
227 13206 8221 1129 184 7685 4986 
228 16497 8854 184 0 10211 5803 
229 17746 10066 2130 2130 8986 4203 
230 16943 8019 4688 2558 6856 3795 
231 12444 6755 2558 0 3749 1736 
232 11212 9435 1738 1738 1534 1258 
233 16273 7718 7027 5289 1193 815 
234 12942 7118 10200 5839 1128 1279 
235 12458 6824 7164 1899 895 526 
236 10018 4114 3233 1334 1349 1743 
237 7175 3975 2591 1257 1887 1058 
238 6539 3688 2364 1107 1738 1804 
239 11245 8045 1603 496 7252 5936 
240 11633 4082 989 493 8021 2479 
241 9227 7287 2667 2174 3693 3356 
242 11351 6694 2178 1020 7187 5445 
243 14240 8922 3270 2250 10191 6122 
244 12537 7835 4739 2671 7248 5164 
245 12410 6071 5324 2653 7086 3418 
246 12586 9629 5933 3280 4397 4093 
247 14201 8276 5411 2131 4666 3855 
248 14817 8389 3521 1390 4731 2546 
249 14284 8061 2064 674 5746 3820 
250 15909 9432 1370 706 7422 4246 
251 16914 8244 743 37 4149 657 
252 15895 8331 4231 4194 1596 1619 
253 16250 8475 9061 4867 2804 1741 
254 13001 7892 7255 5154 3422 2281 
255 17073 10353 11299 6815 3989 2210 
256 18148 11655 6308 3035 2154 262 
257 20201 9946 5195 2160 1763 1823 
258 17710 7764 2683 523 6181 4358 
259 12646 6742 544 21 8132 3774 
260 12670 7222 21 0 6649 3387 
261 9788 5222 0 0 4482 1399 
262 9159 5083 0 0 3364 2693 
263 9112 5831 1898 1898 3381 1310 
264 13975 8842 5680 3814 2264 1508 
265 13409 5959 6451 2637 2462 2232 
266 13656 9595 4304 1667 5146 3314 
267 14627 6118 2011 502 4118 1292 
268 10865 5609 2202 1952 1751 993 
269 12347 7888 4818 2866 2867 2814 
270 14553 7381 4257 1391 4200 1934 
271 14535 7826 3406 2015 2313 825 
272 13127 5905 3839 1986 2118 1735 
273 8958 6635 2589 2363 4203 2738 
274 12349 6026 4551 2188 5687 3181 
275 12282 7486 3057 869 4462 2225 
276 15866 8932 869 0 4032 2201 
277 15329 8883 3086 3086 2035 468 
278 14552 6647 6624 3712 1292 1614 
279 13502 7719 3727 15 2284 1534 
280 11283 4530 15 0 2281 1713 
281 8784 5076 0 0 4294 3401 
282 8669 4535 0 0 6368 3909 
283 7106 4029 0 0 4969 1990 
284 8562 6903 0 0 2876 1894 
285 12702 6339 0 0 6330 4976 
286 8318 4409 0 0 7425 3465 
287 6736 2907 0 0 4515 1630 
288 9743 7538 759 759 4976 3982 
289 11542 6902 671 568 5515 3355 
290 13589 7069 1963 1395 5699 2726 
291 11879 5006 2024 629 4199 1669 
292 10117 6083 1822 1729 1851 618 
293 9884 6093 1897 434 3605 3461 
294 10935 6692 1901 1467 4550 2939 
295 11742 5666 2276 809 5412 3089 
296 9478 4736 1963 1154 3853 1012 
297 8902 4896 2745 1697 1069 337 
298 8715 5237 1629 876 1953 1840 
299 10026 5493 2305 1429 3216 1736 
300 9032 4205 2145 716 3433 1947 
301 6879 4132 2057 1341 1751 406 
302 7273 3375 2704 1597 2184 1778 
303 7415 4976 4734 4073 2681 903 
304 9513 4831 6907 2834 2606 1997 
305 9074 4637 6543 3709 2531 928 
306 8075 3822 5144 1435 2316 1772 
307 7427 4381 1435 0 1944 948 
308 8568 5369 850 850 2835 2773 
309 8920 6369 2553 2797 2949 1062 
310 8536 2971 2797 0 1552 1040 
311 5615 3736 0 0 3387 2769 
312 7610 4774 0 0 4448 2087 
313 7314 3390 0 0 3819 2582 
314 8763 6025 0 0 5749 3819 
315 10507 5386 0 0 7537 4400 
316 9456 4504 0 0 6139 2073 
317 8659 4717 1411 1411 3042 1531 
318 7817 5172 1411 0 3491 2790 
319 8559 4631 0 0 3511 1373 
320 6473 2716 249 249 1492 549 
321 5533 3251 672 423 1745 1630 
322 6807 4002 2448 2025 1967 783 
323 7961 5757 5382 3357 1221 1328 
324 10807 5660 5526 2279 1092 264 
325 10096 5408 2279 0 296 510 
326 10538 6944 680 680 1121 1119 
327 13972 10544 6188 6812 1073 506 
328 15805 6019 8844 2032 255 507 
329 8009 3860 1788 286 2112 2369 
330 6235 3311 286 0 2970 1537 
331 9146 6849 0 0 3654 2883 
332 11843 6486 0 0 4382 2439 
333 12996 7140 3609 3609 3937 2128 
334 10159 3581 4580 971 2684 1118 
335 6497 4214 971 0 3372 2716 
336 10001 6189 1699 1699 4371 2057 
337 11694 6807 3819 2120 2664 1593 
338 10751 4570 2870 750 3366 2399 
339 9282 5572 2146 1396 3916 2377 
340 7104 5042 1303 2317 3469 1802 
341 10802 6490 2317 0 4731 3659 
342 10180 5412 0 0 4663 2192 
343 11145 6399 527 527 1997 471 
344 10334 6197 1181 1410 1284 1671 
345 11184 6027 3319 1909 1492 763 
346 11484 6967 4107 2198 947 990 
347 10377 5762 4682 2524 1632 2092 
348 10981 6131 4102 1578 2488 1270 
349 10709 5626 1865 329 2642 2378 
350 10883 6359 2996 2667 3945 2669 
351 12645 6694 5596 2929 3818 1557 
352 12106 5734 3692 763 3876 2577 
353 10234 5098 1785 1022 4577 2598 
354 9542 4954 3128 2106 4560 2472 
355 9353 6073 3790 1684 2701 1643 
356 10861 5846 4104 2420 3264 2099 
357 11975 6491 4494 2074 4688 2951 
358 9458 4741 1948 1132 5650 3215 
359 5708 3223 1112 1694 3257 348 
360 6217 5026 2108 2200 1051 949 
361 10642 6010 3660 1460 2263 1708 
362 10663 5715 3051 1691 1860 730 
363 9431 5364 2895 1204 560 278 
364 11052 6226 2217 1013 1566 1538 
365 10392 4718 1006 7 3044 1758 
366 9875 6159 7 0 2857 1899 
367 10864 6033 6 6 2961 1882 
368 8469 3448 6 0 1713 505 
369 6713 3491 1180 1180 803 524 
370 8184 5183 2092 912 1260 1226 
371 12112 7173 3514 2602 3256 2274 
372 11831 5050 4783 2181 4216 2334 
373 9119 4265 2181 0 5248 3110 
374 8171 4346 0 0 4930 2052 
375 6968 3710 81 81 2716 882 
376 7833 5381 81 0 1323 931 
377 10503 6400 1412 1412 1783 1288 
378 11148 5306 3989 2823 3124 2148 
379 8893 4313 3007 418 2584 928 
380 7992 4827 418 0 1926 1264 
381 7610 4769 1163 1163 1396 1602 
382 9979 5634 3304 2141 2395 1031 
383 10463 5295 2790 649 2740 2019 
384 11413 6430 649 0 5465 3756 
385 10656 4946 1454 1454 3815 613 
386 10046 6800 5305 4339 732 385 
387 11689 5109 7453 3114 1843 1678 
388 11645 6772 5072 1958 3810 2368 
389 13618 7040 4035 2077 2327 149 
390 10988 5124 2888 965 422 545 
391 9080 4466 965 0 2062 1815 
392 10121 5943 0 0 5592 4065 
393 11062 5397 122 122 4106 319 
394 7484 4613 1116 994 479 454 
395 9739 7474 1575 609 815 663 
396 14323 7115 1373 764 2562 2165 
397 13922 7097 1926 1162 3406 1531 
398 11615 5166 1628 466 2874 1991 
399 9972 5498 466 0 3263 1576 
400 11656 6854 2375 2375 2966 1966 
401 10418 6276 4551 2176 2502 1778 
402 10872 5684 4062 1898 3268 2006 
403 10326 5142 2458 622 4205 2637 
404 9288 5734 2107 1485 4369 2966 
405 10610 5640 3642 2157 3388 1186 
406 10760 5342 3241 1084 1292 320 
407 9237 5059 2842 2708 1303 1197 
408 10469 6202 6118 4000 1104 109 
409 10708 5150 7275 3533 877 954 
410 8604 4318 4906 1373 1781 993 
411 9246 5584 3158 1785 1529 700 
412 9720 4356 4147 2362 1964 1444 
413 11034 7048 5981 3727 3150 1968 
414 12746 6884 5866 2139 2814 1152 
415 11570 5356 3213 1074 2031 1549 
416 11186 6312 3030 2186 2870 1573 
417 12035 5959 3588 1402 3456 2119 
418 10122 4387 3036 1634 3629 1734 
419 10232 6141 3423 1789 3900 2462 
420 10323 5666 1912 133 4202 2424 
421 10724 5752 133 0 3253 1067 
422 10081 7209 0 0 1376 587 
423 11235 4446 1667 1667 1822 1323 
424 11154 7232 2473 806 1858 953 
425 13236 7296 2800 2844 853 112 
426 11866 5298 3562 1224 649 759 
427 10471 7425 3184 2414 624 135 
428 12224 6293 2895 839 27 112 
429 8916 6365 1264 1041 1367 1461 
430 8398 3111 1074 721 1619 548 
431 10108 7401 4232 3511 2587 2443 
432 11621 6118 4829 3028 4821 2566 
433 12137 6163 6333 3305 2868 446 
434 12053 5890 5235 1930 1247 801 
435 10024 4576 2581 651 2824 2465 
436 12366 8220 3054 2403 2661 626 
437 11075 6891 5295 3414 446 236 
438 12586 6157 6010 2596 1106 1332 
439 9204 3803 2801 205 2167 1215 
440 7954 4501 610 405 1094 229 
441 7218 3311 1745 1506 1002 977 
442 8754 5659 5819 4313 1190 429 
443 8734 4773 7221 4388 333 122 
444 12496 7957 6418 2030 5 117 
445 12872 5339 5615 3585 276 385 
446 9195 5150 4695 1302 390 235 
447 8103 4585 2889 1895 121 116 
448 8500 5505 3016 1969 200 280 
449 12690 7579 7179 5228 137 233 
450 12758 6239 8666 4148 137 254 
451 11756 5693 4985 837 237 159 
452 8962 3875 1628 793 520 661 
453 6943 3374 1230 437 1309 954 
454 10252 8354 2108 1733 1889 2239 
455 8508 3494 1733 0 2614 1887 
456 7740 4552 58 58 4136 2555 
457 7801 3601 839 781 3969 1766 
458 8195 4938 2229 1448 3004 1582 
459 7344 3692 1889 1437 2423 1085 
460 8646 5708 3316 1879 1310 425 
461 9810 5420 1879 0 2669 2444 
462 10645 5807 0 0 4565 2379 
463 9539 5634 1633 1633 1902 1135 
464 7962 4052 1633 0 2655 1796 
465 7803 4177 0 0 1812 406 
466 7756 4277 0 0 1281 1305 
467 6745 3978 0 0 1547 986 
468 6334 4812 136 136 1016 1182 
469 8186 4574 1614 1478 1175 883 
470 8120 4110 4296 2818 712 393 
471 7050 5572 3684 2996 1008 1117 
472 7922 3074 3493 497 2374 1537 
473 6988 4592 497 0 2239 1298 
474 7936 4922 0 0 2216 1582 
475 7878 4228 0 0 2041 1731 
476 5574 3676 0 0 1383 1280 
477 7085 4217 0 0 2959 2483 
478 7951 4198 1578 1578 3978 1959 
479 8724 5070 1751 173 2401 916 
480 9317 4727 1584 1411 2482 2046 
481 9556 5933 1411 0 3263 2321 
482 12366 7759 659 659 4189 2072 
483 10831 4108 443 466 3031 1163 
484 8550 4650 1244 778 1569 614 
485 8337 5681 1514 1150 3247 3129 
486 10569 5088 1150 0 4338 1409 
487 9014 5474 573 573 1051 600 
488 7653 2395 1142 569 1144 760 
489 5922 3735 1113 544 832 280 
490 8810 6121 2461 2227 979 1149 
491 8420 3917 1988 1179 1678 729 
492 9207 5672 1638 459 2006 1489 
493 10432 6072 2025 1768 3335 2058 
494 10212 4534 3522 1936 2351 505 
495 6975 4241 3810 2260 582 293 
496 9353 5530 4494 2440 708 627 
497 9067 4427 3671 1385 2319 1938 
498 9426 5281 1385 0 4847 3191 
499 7623 3168 0 0 4819 1972 
500 7724 5428 0 0 4774 3674 
501 7045 3275 0 0 3341 1325 
502 7771 4856 0 0 3123 2158 
503 7572 3156 0 0 2689 971 
504 4879 2973 0 0 1733 1316 
505 8516 6029 9 9 3054 2224 
506 7965 3838 951 942 2369 2011 
507 7466 4092 1145 203 2263 716 
508 5495 4141 203 0 1361 863 
509 5666 2365 0 0 1962 1663 
510 5410 3389 0 0 3384 2037 
511 7150 5501 0 0 3767 1968 
512 8213 3246 0 0 3663 2229 
513 5310 2422 0 0 2201 330 
514 3922 2308 78 78 496 538 
515 7331 5681 2124 2112 810 864 
516 10588 5153 2112 0 1291 673 
517 9793 5258 702 702 693 306 
518 9157 4765 1282 580 194 196 
519 8873 4398 1349 769 1076 1170 
520 7933 3731 2101 1332 3373 2399 
521 7051 4612 3640 2308 2829 1722 
522 9725 5409 5187 2945 2323 831 
523 9210 4255 3751 806 3350 2973 
524 7360 3767 2321 1515 3290 979 
525 7198 3627 1515 0 1179 396 
526 6319 3644 701 701 297 127 
527 7022 4272 701 0 1043 1170 
528 7850 4152 0 0 1277 645 
529 10684 7108 0 0 3972 3587 
530 9947 3105 0 0 5763 2442 
531 6403 3506 0 0 3353 1119 
532 7109 3891 0 0 2161 1244 
533 8813 5452 0 0 2051 1001 
534 9741 5069 0 0 3172 2361 
535 6387 1948 0 0 2281 254 
536 4255 2711 283 283 839 989 
537 5805 3458 2143 1860 1040 415 
538 7728 4948 3739 1879 1842 2105 
539 8050 3954 3789 1910 3187 1916 
540 7186 4260 3570 2388 3488 1872 
541 6857 3367 4086 1698 2717 1615 
542 5524 3345 3346 1652 2098 1597 
543 5015 1972 2383 731 2536 1241 
544 7048 5360 3241 2510 2895 1938 
545 8949 7307 2079 3017 2834 1166 
546 11726 5327 6276 3259 1356 522 
547 9245 5032 4697 2214 577 393 
548 9822 6144 5923 4187 257 198 
549 9669 5029 6497 2808 39 231 
550 9516 5361 4982 2748 203 272 
551 8297 3664 3919 1171 122 172 
552 7982 5320 2363 1818 993 1159 
553 9053 4107 2461 643 2322 1537 
554 8165 4450 2405 1762 2354 1209 
555 6492 3086 2548 786 1060 511 
556 8102 5690 3081 2295 1472 1583 
557 8784 3500 4993 2698 1561 384 
558 7905 4785 7256 4566 231 219 
559 6394 3007 6343 2749 22 229 
560 6092 3583 5486 2779 107 334 
561 7663 5474 5839 4002 118 236 
562 9374 5670 6983 4289 70 296 
563 11528 7176 6480 3011 517 719 
564 13101 8011 4396 2335 1062 913 
565 10819 5084 4401 3102 673 266 
566 9062 4480 6113 3049 1233 1431 
567 7219 3267 4238 1221 1191 256 
568 6560 3755 3087 1866 133 339 
569 7238 4163 3604 1790 429 718 
570 9429 5800 6459 4669 1176 992 
571 7949 3417 5734 1687 1810 1464 
572 7440 5407 3782 2119 1914 1488 
573 7615 3506 4371 2252 1444 1254 
574 5643 2643 3865 1613 1320 572 
575 4325 3182 2927 2392 940 790 
576 6694 6156 4589 4537 1308 822 
577 12009 6299 7713 3360 812 252 
578 9648 5473 5990 4154 88 234 
579 11096 6243 7820 3844 497 705 
580 8143 4654 5364 3808 478 239 
581 8176 4116 6108 2304 110 205 
582 7608 6478 4357 3349 82 227 
583 9114 3774 3385 36 149 290 
584 6607 3703 36 0 199 299 
585 6065 2770 40 40 231 340 
586 6830 4444 2377 2337 586 630 
587 8414 4336 4366 2029 988 724 
588 9455 5529 3953 1924 2302 1988 
589 11352 6153 5127 3203 2036 360 
590 10374 5999 5242 3533 2383 2307 
591 10441 5774 6359 3834 3070 1017 
592 9894 4394 4945 1163 1662 867 
593 7103 3747 1163 0 857 320 
594 5807 5138 0 0 1498 1740 
595 9301 5971 0 0 2782 1476 
596 10764 7839 0 0 3717 2565 
597 12173 5720 0 0 6737 5112 
598 8362 5654 0 0 7923 4957 
599 9442 3990 0 0 8745 3990 
600 8802 6046 0 0 6246 3490 
601 11615 5891 1397 1397 6059 2891 
602 13235 8596 3145 1748 3572 1933 
603 11441 5891 2085 1061 3506 1899 
604 12193 6670 3646 2585 3794 2263 
605 12265 7345 2585 0 3169 2656 
606 13174 6669 0 0 4091 1817 
607 15168 8895 3155 3155 2593 1172 
608 15452 6991 8351 5196 2533 1795 
609 11062 4635 6749 1553 2084 853 
610 9783 5356 1553 0 5844 5199 
611 7551 2195 0 0 7394 2195 
612 6231 4088 0 0 6090 3947 
613 6228 2380 0 0 5584 1877 
614 6134 4126 0 0 2656 1151 
615 8893 6531 0 0 1671 520 
616 12355 6008 2370 2370 3007 2487 
617 11252 5260 2405 35 5244 2757 
618 13475 8983 35 0 6393 4404 
619 12682 5221 0 0 6926 4044 
620 8454 3725 0 0 4366 810 
621 8193 7172 427 427 606 236 
622 11690 5100 1166 739 591 811 
623 5831 4257 1172 667 707 1216 
624 7372 4399 770 937 997 231 
625 8538 5797 1753 2060 2820 3003 
626 10424 6063 2957 1129 5563 3764 
627 8493 3780 1738 1007 5219 2407 
628 6120 3804 1820 887 2792 1429 
629 7566 4226 1580 711 2478 1495 
630 10584 6768 2042 1331 2670 1581 
631 11724 5302 2662 1331 1410 175 
632 10873 7521 3061 3338 5 172 
633 14708 7809 9449 6263 10 176 
634 11876 6831 8997 5146 7 183 
635 12997 6522 6468 1322 7 180 
636 13089 7061 3368 2046 430 594 
637 11594 5757 2046 0 817 573 
638 7727 3628 872 872 494 557 
639 8339 5271 3035 2349 2682 2499 
640 11661 6976 4290 2169 2584 443 
641 8998 4592 1475 1096 1040 945 
642 10113 5861 1096 0 2133 1528 
643 12507 7512 2501 2501 1550 306 
644 10746 6092 5299 3878 592 578 
645 9115 3829 6336 2920 411 177 
646 7854 4375 5208 2288 480 653 
647 8298 6097 3493 3075 1454 1105 
648 11303 7252 4372 2569 3940 3609 
649 14120 9066 6149 5484 6470 3155 
650 14777 7735 8007 4085 6343 3650 
651 11465 6150 5347 3406 4947 1573 
652 7176 3660 3143 2093 1435 140 
653 6937 4311 2310 821 635 775 
654 8295 5216 1868 1659 1179 674 
655 9909 6053 2708 2083 1545 1197 
656 10626 5493 2719 836 2624 2147 
657 7519 4448 686 828 3396 2099 
658 8595 4497 2269 1441 4805 3056 
659 7994 3829 1684 243 5466 2742 
660 7219 3758 243 0 4690 2316 
661 8560 5104 0 0 3976 1962 
662 8561 3721 501 501 4456 2758 
663 10802 8099 2471 2140 5144 3228 
664 11104 6055 2646 1734 4880 1964 
665 11788 5933 5534 3800 3897 2133 
666 11935 6606 4208 758 4511 2632 
667 11191 4969 2090 1332 5885 3637 
668 5868 2565 1332 0 3470 1499 
669 5494 3351 0 0 2676 1599 
670 7831 5262 0 0 3337 2520 
671 9123 5481 0 0 5683 3539 
672 8596 5793 0 0 6329 3944 
673 10350 5613 0 0 7697 4809 
674 10604 6099 0 0 9778 6077 
675 8428 4405 0 0 8406 4405 
676 6162 2371 0 0 5049 1258 
677 6216 4135 0 0 1705 737 
678 9965 6322 3355 3355 582 163 
679 11098 5110 5865 2544 38 175 
680 8603 4419 2544 0 1 176 
681 8645 5124 0 0 234 404 
682 8134 5118 0 0 996 954 
683 9393 4623 0 0 1864 1258 
684 7215 3296 0 0 1314 408 
685 6652 3702 1676 1676 413 351 
686 8541 6331 1749 1175 1064 1057 
687 14589 8708 5988 4813 4276 3669 
688 16100 7742 4813 0 4380 1061 
689 13174 5800 1421 1421 949 184 
690 9560 7368 1497 76 269 421 
691 10544 4254 76 0 2039 2066 
692 10183 6619 0 0 2191 815 
693 11878 6169 1728 1728 2244 2055 
694 11021 5822 3318 2146 2040 373 
695 10379 5507 2750 1176 886 891 
696 8177 3658 1176 0 2614 2273 
697 5849 2795 0 0 3351 1682 
698 4734 3575 0 0 2432 2386 
699 7218 4477 0 0 4502 2950 
700 10103 7252 270 270 4193 2865 
701 9757 4889 270 0 3318 1777 
702 10377 6156 0 0 5192 4083 
703 12147 6361 0 0 6919 3174 
704 8739 3822 0 0 3869 1449 
705 10861 7405 835 835 1275 192 
706 11696 4575 835 0 871 963 
707 7217 4456 0 0 2191 1662 
708 11621 7343 0 0 3666 2182 
709 11034 5241 0 0 4704 3138 
710 8995 5428 0 0 5563 4099 
711 8205 2835 0 0 6586 2545 
712 6811 4892 0 0 4312 2621 
713 7170 3092 0 0 3577 1426 
714 5463 2775 0 0 2773 1751 
715 7054 5315 0 0 3234 2519 
716 7331 3738 0 0 3629 2534 
717 5020 1890 0 0 3816 1890 
718 4935 3531 0 0 3376 1972 
719 6731 3548 0 0 3016 1392 
720 6339 4047 0 0 3735 2653 
721 5605 1996 0 0 4096 1879 
722 3727 2063 0 0 3408 1861 
723 5488 3771 0 0 4137 2622 
724 6184 2903 512 512 2898 602 
725 6960 4711 1571 1059 607 301 
726 8930 5005 3535 2476 207 174 
727 10304 7691 5255 4299 48 158 
728 9878 5913 6492 4327 17 151 
729 12213 7170 6833 3080 142 287 
730 12169 5971 4890 1810 139 186 
731 12036 7203 3587 1777 1037 1185 
732 10318 4925 3794 2669 1353 516 
733 12403 7972 8950 6535 409 133 
734 12712 5458 6835 766 137 256 
735 9916 5520 1704 938 161 161 
736 11587 6319 3235 2297 3493 3584 
737 11541 5438 3970 1673 5336 1968 
738 8640 3538 2455 782 4388 2756 
739 8063 6863 1973 1191 6090 5672 
740 13090 6359 2003 812 11087 5547 
741 14584 8247 2360 1548 12224 6699 
742 10590 3261 3020 2014 7570 1247 
743 7774 5359 2425 699 5349 4660 
744 8706 4249 2313 1614 6393 2635 
745 6661 4246 2241 627 4285 3484 
746 8664 4418 2891 2264 5602 2118 
747 11452 7292 3019 755 5747 3887 
748 15147 7855 755 0 4647 760 
749 15346 8309 2420 2420 2380 1620 
750 12714 6587 5430 3010 2294 674 
751 13279 7156 7400 4402 616 202 
752 13641 6757 7026 2624 522 592 
753 15530 9051 5830 3206 1723 1409 
754 16404 7629 3744 538 3336 2203 
755 12839 7860 538 0 5624 3705 
756 11438 5566 0 0 6969 5252 
757 10609 6039 0 0 8432 4136 
758 11080 6387 0 0 6962 3086 
759 13254 7515 1905 1905 4315 1877 
760 16859 9834 5976 4071 2625 748 
761 13554 5798 6616 2545 748 0 
762 11506 5708 7121 4576 158 158 
763 12471 7169 10791 6621 484 326 
764 15989 9104 11966 5629 2138 1812 
765 15938 7298 11421 6256 2730 918 
766 12901 6445 11367 5953 918 0 
767 14746 8301 7640 1687 356 356 
768 13563 6654 4705 4410 636 280 
769 11937 6355 9218 4928 854 574 
770 11808 5701 5507 827 1303 729 
771 13036 7871 1636 809 4852 4123 
772 11624 4113 809 0 6087 2324 
773 9386 5899 0 0 5156 3168 
774 8152 4999 0 0 5065 2255 
775 11901 7646 0 0 5670 3867 
776 13206 7088 1779 1779 6251 3902 
777 11526 6408 1779 0 6185 3351 
778 13064 8206 3094 3094 4718 2909 
779 11834 6644 4014 2268 3824 2583 
780 11433 6757 5385 3173 3412 2737 
781 11666 7837 5146 2899 3237 2502 
782 12042 7083 3040 949 5142 4710 
783 11892 7069 972 1383 6830 3020 
784 13790 8461 2100 899 5946 4484 
785 14593 7274 1464 589 7960 4594 
786 14751 9455 4069 4214 7375 4025 
787 15005 6840 8452 4822 5337 2018 
788 12764 7732 5934 2080 4337 3159 
789 12248 5694 2463 721 4212 1893 
790 11398 6606 2474 1753 5844 4853 
791 9590 4838 3152 1399 6438 3439 
792 9657 5841 3316 1917 5996 3579 
793 13770 9443 3061 1388 7452 4879 
794 17420 9737 2948 1560 5296 1307 
795 17138 9757 3313 2519 5091 4770 
796 16519 9152 6270 3951 7354 4774 
797 15705 7787 7070 3287 4599 891 
798 15298 8773 6806 3541 1118 1457 
799 18344 10937 5086 1841 5270 4883 
800 15141 7472 2223 996 6653 4424 
801 11092 4948 2234 1238 5817 2663 
802 7152 3844 1879 1089 4205 2734 
803 6697 4083 2647 1558 3343 1839 
804 10769 7872 2196 638 6895 6242 
805 11099 5783 1501 863 8606 4920 
806 8035 6332 2416 1553 5619 4779 
807 13202 7498 5588 4187 7107 2804 
808 15369 8091 5743 1556 7385 4801 
809 13280 5903 2390 850 8447 4344 
810 13117 9172 486 806 7019 3463 
811 13507 8437 4982 4640 2804 2979 
812 14903 8770 9872 6260 4213 2510 
813 15733 8157 9082 2904 4633 3235 
814 17066 10021 2904 0 10221 8098 
815 13403 7368 0 0 7286 3174 
816 15230 9700 0 0 4113 2055 
817 17201 8703 3784 3784 1674 703 
818 12172 7357 7478 6492 378 765 
819 11585 6918 10194 5052 204 779 
820 9527 6749 6838 4326 316 559 
821 13020 7299 5985 1659 2549 2660 
822 13389 7730 2513 854 4410 2876 
823 13110 7762 4495 4107 3266 1580 
824 14512 7762 7506 3631 2411 1611 
825 10713 4877 3374 813 3237 2482 
826 8090 4357 1476 717 5049 3623 
827 6559 4732 1570 1247 4158 2665 
828 7425 5499 1840 2405 3377 1706 
829 10330 7231 4540 3553 2425 1701 
830 10955 6548 5093 1902 1848 1203 
831 11771 7477 2883 1485 722 563 
832 11339 6434 1132 1113 1304 1819 
833 10941 5999 2035 1372 3840 3063 
834 11017 7564 3784 2412 5165 4564 
835 14910 8630 5254 3506 8603 4659 
836 15638 7660 6227 2721 6437 2430 
837 12774 6000 3881 1160 5506 3962 
838 11922 8430 2694 2006 7939 6013 
